0.036960433 0.03932765556 0.0001248452719
0 0.05555555556 0
0 0 0
0.06000557778 1.770099468e-07 0.0004129421445
0.04129468146 0.08532958056 3.730792667e-05
0 0.1111111111 0
0.04634378143 0.1409610089 -9.834081537e-05
0 0.1666666667 0
0.04772379475 0.194221386 -0.0002325758656
0 0.2222222222 0
0.08961406033 0.05162496845 7.29314947e-05
0.1200160574 9.897271444e-06 0.0004443151142
0.04761259243 0.2480531728 -0.0003706351674
0 0.2777777778 0
0.04719476826 0.3014064533 -0.0005335274647
0 0.3333333333 0
0.04980843022 0.3503622128 -0.0008784330373
0 0.3888888889 0
0.0967029829 0.112654089 -0.0004751543886
0.09910028773 0.166220128 -0.001016659502
0.09902676748 0.2207319228 -0.001546442184
0.1476171394 0.04128446933 -0.0005595427845
0.134268793 0.08530206233 -0.0009253789601
0.1800238626 2.511551717e-05 -0.00049197659
0.1000322268 0.2753882471 -0.00221609538
0.05243027957 0.4152445787 -0.001452504414
0 0.4444444444 0
0.04558341498 0.4621047243 -0.001557607652
0 0.5 0
0.1005125298 0.3259752335 -0.002950702316
0.09432387382 0.3712093919 -0.003354585569
0.1512920882 0.1370145133 -0.002317232185
0.1507406331 0.1945113216 -0.00342479693
0.1498093921 0.248890653 -0.004537561175
0.2072792769 0.04077615106 -0.002595190012
0.1820309997 0.08432979816 -0.002557422062
0.2056978901 0.1260116369 -0.00491540483
0.2399921332 2.747646097e-05 -0.002894182968
0.2580886428 0.03575661445 -0.005370733481
0.1489976133 0.3021686425 -0.005818096901
0.1137459016 0.4108497192 -0.005716971586
0.09005940472 0.4572456678 -0.004707017305
0.05997011706 0.4999853664 -0.002880411204
0.1459530211 0.3625296839 -0.00727726593
0.199931144 0.1695556765 -0.005804311788
0.1994625043 0.2224578823 -0.0074554693
0.1991415459 0.276586535 -0.009386491205
0.2455211441 0.08386360935 -0.006230528727
0.246345644 0.1435230853 -0.008564915388
0.2998742228 -3.400636903e-06 -0.006904222594
0.2997135448 0.05548986722 -0.009546959777
0.1976311587 0.3320377915 -0.01150021794
0.1604663357 0.4113650874 -0.01050980356
0.1466241807 0.4569175141 -0.01061475567
0.1197317156 0.4999039162 -0.008702365719
0.2009886367 0.3856055682 -0.01436065634
0.2490222769 0.1954470509 -0.01094808276
0.2491192669 0.2492465474 -0.01351013081
0.249414886 0.3048996752 -0.01649994038
0.2995543289 0.1109811396 -0.01219920532
0.2993661828 0.1664582805 -0.01511818146
0.3354792565 0.037391158 -0.01216003379
0.3579643371 -8.469822138e-05 -0.01238130183
0.3400344451 0.0826257303 -0.01528751786
0.2500667875 0.357239687 -0.01963941331
0.2073545729 0.4487428667 -0.01857970605
0.179220476 0.4997179113 -0.01687814923
0.2540617965 0.4142998692 -0.02394562493
0.2991459606 0.2219214873 -0.01828179549
0.2988703298 0.2773612062 -0.02182980687
0.2985449424 0.3327807782 -0.02567486247
0.3472530263 0.1386755713 -0.01970277118
0.3497280121 0.1934253711 -0.02381459339
0.3866438877 0.05117395189 -0.01935956664
0.4158320101 -0.0002681642518 -0.01981167629
0.3872905222 0.1111794557 -0.02374694674
0.2981754273 0.3881828794 -0.0297619324
0.2586882532 0.4587843962 -0.02774824506
0.238454029 0.499413709 -0.02671663383
0.2977710072 0.4435709379 -0.03404103295
0.3352838709 0.3557129411 -0.03407276634
0.3513725791 0.248873043 -0.02821679147
0.3440889181 0.2979750143 -0.03090654317
0.3946441825 0.1658109137 -0.02916427185
0.3983872535 0.222258353 -0.03457142735
0.4288882432 0.09117200723 -0.02908221822
0.4473188091 0.04852411426 -0.02871307432
0.4734445416 -0.0005676275515 -0.02899608325
0.4356343094 0.1361005041 -0.03413795679
0.3499528558 0.4142694169 -0.0422051618
0.297365218 0.4989607824 -0.03832832654
0.3391254705 0.4622787014 -0.04427167942
0.3784115878 0.3315925023 -0.04049428841
0.380519368 0.3697530673 -0.04462446717
0.4027765867 0.286982149 -0.04135160401
0.4444979165 0.1927327732 -0.04107065881
0.4480337266 0.2467912116 -0.0472200223
0.4733626368 0.09638330748 -0.03792961755
0.5026790328 0.04852885997 -0.03924327706
0.5307271574 -0.001019932103 -0.04003362864
0.4958462627 0.1574536662 -0.04873033096
0.4072491715 0.4024299506 -0.05403989487
0.3827449808 0.4574533218 -0.0538256915
0.3543482203 0.4983756878 -0.05098508546
0.4312177245 0.3466007051 -0.05377675932
0.4548905048 0.2940051579 -0.05377777475
0.4962069996 0.2199133787 -0.05559381294
0.4944591016 0.2738891795 -0.06134108124
0.5370313622 0.1946162902 -0.06300145149
0.5282105612 0.09993796744 -0.05017900053
0.5585361346 0.04983696819 -0.05181333885
0.5876204331 -0.001653008612 -0.05290909724
0.5558816307 0.1503404051 -0.06266017969
0.4665986614 0.3918127471 -0.06783118735
0.43753731 0.4469790337 -0.06650373018
0.4110064358 0.4976359736 -0.06499653053
0.4956455151 0.333580959 -0.06869428178
0.5348929422 0.2988943766 -0.07528632012
0.5475192959 0.2479473377 -0.07234183455
0.5848376852 0.1985415419 -0.07666627331
0.5860756498 0.1005696009 -0.06470694092
0.6150618172 0.04903509498 -0.06618180711
0.644069236 -0.002490349195 -0.06759217435
0.612803434 0.1492522232 -0.07836445999
0.5207489501 0.3912698859 -0.08302099696
0.4960951272 0.4451034334 -0.08261624094
0.4672726126 0.496716318 -0.08047582721
0.551155115 0.3418251781 -0.08560113757
0.583069063 0.2942039321 -0.08891347913
0.6068666128 0.245703118 -0.08958494018
0.6376302202 0.1981700259 -0.09268377606
0.6422074367 0.09958905405 -0.0805293531
0.6711067273 0.04801497513 -0.08231003126
0.7000187251 -0.00355361206 -0.08405605834
0.6690222002 0.1499954122 -0.09597540708
0.5806726109 0.3923401334 -0.1018399679
0.551880414 0.4439661794 -0.09967106345
0.5231269449 0.495609303 -0.09735661202
0.6077293994 0.3424349451 -0.103591981
0.6358533152 0.2921397831 -0.1056882058
0.6909768703 0.1981363751 -0.1105833899
0.6614433309 0.2453675099 -0.1074547634
0.6978274324 0.09837896609 -0.0980538098
0.7266265554 0.04676046257 -0.1001467107
0.7554222309 -0.004859678766 -0.1022518741
0.7211386547 0.1479431315 -0.1135979694
0.7400746418 0.2013370763 -0.1290939881
0.6359118215 0.3909610681 -0.1205461271
0.6072098389 0.4426261612 -0.118134178
0.578542364 0.4943061145 -0.1156031638
0.6625830906 0.3410937596 -0.1224593322
0.6877087558 0.2907524554 -0.1237751638
0.7119680312 0.2443727939 -0.1254237828
0.7815821573 0.04525870719 -0.1196347203
0.7524888089 0.09675607741 -0.1170059732
0.8102400139 -0.006421221435 -0.122120508
0.7830112524 0.1510243351 -0.1374618405
0.7523843488 0.2429257902 -0.140717044
0.7864197852 0.2157640639 -0.1498041698
0.6906494417 0.3893639738 -0.1406563917
0.6620582534 0.441075983 -0.1379617574
0.6334894822 0.4927976665 -0.1351914404
0.717075949 0.3371727363 -0.14239179
0.7385353031 0.2851908776 -0.142247992
0.8343374409 0.03664835212 -0.1388588194
0.8072114478 0.09059432966 -0.1370042432
0.8644670949 -0.008234367085 -0.1435267671
0.8383573194 0.1282661053 -0.1562776763
0.8319096126 0.1825138643 -0.1630359122
0.7835657 0.2662625133 -0.1573228718
0.828546746 0.2392053001 -0.1716669087
0.7433723464 0.3866241962 -0.161321475
0.716404662 0.4393109603 -0.1591071396
0.6879506388 0.4910802042 -0.1560692131
0.7764245204 0.3282493406 -0.1650234826
0.8877544499 0.02994677943 -0.1602380502
0.8601784656 0.07460487098 -0.1561630337
0.880866675 0.1167264565 -0.1727323633
0.9180926904 -0.0102985832 -0.1663752542
0.8765522986 0.1600224645 -0.1786301978
0.8727279868 0.2111567039 -0.186251457
0.8254332257 0.2922729248 -0.1798667189
0.8720775555 0.2635519396 -0.1956860763
0.7970865794 0.390053376 -0.1849388455
0.7683031297 0.438507789 -0.1808478051
0.7419128841 0.4891526999 -0.17818119
0.8329205482 0.3484640813 -0.1934541264
0.9319299362 0.02400293045 -0.1789753932
0.9191000904 0.07214035378 -0.1818860784
0.9182829995 0.1306855013 -0.1924017935
0.9711410286 -0.012597925 -0.1905114794
0.9177605653 0.1825173557 -0.2018901245
0.9164508421 0.2355365065 -0.2113768732
0.8713871232 0.3172351561 -0.2054440854
0.9159142183 0.2889701017 -0.2214270152
0.8382027229 0.3945619271 -0.2043735674
0.8194418608 0.4363278039 -0.2033613358
0.7953641275 0.4870143397 -0.2014781394
0.8768822893 0.3728982797 -0.2185835163
0.9692178171 0.04211616823 -0.1999502485
0.9672747276 0.09682275475 -0.2094297622
0.9652584718 0.1515007501 -0.2190582722
1.001911679 0.02266488334 -0.2122743213
1.024081996 -0.01513715124 -0.2160099714
0.9632094837 0.2061660409 -0.2287520782
0.9611173611 0.2608144865 -0.2385315109
0.9153208543 0.3425849651 -0.2315358708
0.9590064158 0.3154557153 -0.2483470609
0.8741119403 0.4328342791 -0.2286382749
0.848296243 0.4846656792 -0.2259084728
0.9179653091 0.3977838423 -0.2436658552
1.004789428 0.06718498081 -0.2224139562
1.009471249 0.1221871263 -0.2357335575
1.009780495 0.1759776578 -0.2467272007
1.048304517 0.03428446861 -0.2384002612
1.07637893 -0.01792883877 -0.2427805683
1.009385505 0.2307306531 -0.2576391822
1.001264296 0.2785818763 -0.263094995
0.9568823688 0.3700919037 -0.2581869604
0.9924000255 0.3351272232 -0.2699123645
0.9201914291 0.4404699853 -0.2531861198
0.9007238992 0.4821158997 -0.2513806383
0.9547430924 0.4247220311 -0.2680565019
1.052713019 0.2020972975 -0.2752406746
1.047094789 0.09374178152 -0.2498281073
1.05029237 0.146490673 -0.2623800334
1.084255657 0.07143284564 -0.2654725268
1.102091114 0.0284639902 -0.2664166949
1.128081195 -0.02094840476 -0.2706593665
1.054354271 0.2658163741 -0.2894646476
1.096509925 0.226235173 -0.3050519077
1.031315453 0.310322073 -0.2859482448
1.034010366 0.3479557819 -0.295324162
1.0030833 0.3936466205 -0.2877146443
0.9526100328 0.4793544706 -0.2779153254
0.9911452936 0.4415787831 -0.2910820539
1.094042237 0.1706136174 -0.2917752079
1.089488308 0.1146899712 -0.2774137891
1.124329369 0.07407437091 -0.2886451561
1.151789353 0.02706903625 -0.294492667
1.17918804 -0.02419153803 -0.2995919563
1.139111361 0.1957640279 -0.3234406133
1.137658089 0.2486812973 -0.3341143783
1.10128232 0.2710704259 -0.3174199221
1.078401441 0.3231079554 -0.3152599034
1.056398569 0.3799309977 -0.3147246037
1.031397718 0.4347907384 -0.3120745614
1.004451753 0.4763842014 -0.305570927
1.142381016 0.1324429373 -0.3116205355
1.177981454 0.1687542361 -0.3409852447
1.173659546 0.07557825482 -0.317950964
1.202239272 0.02473819925 -0.3241374833
1.229712245 -0.02764886324 -0.3295072649
1.18516922 0.2216640122 -0.3571059286
1.173107985 0.2717938084 -0.3607762055
1.137571132 0.3084157559 -0.3470832903
1.108482834 0.3681434707 -0.3426078062
1.080866123 0.4232014356 -0.3381321033
1.05580237 0.4732282993 -0.3341063754
1.196894605 0.1233736015 -0.3425626589
1.220317243 0.170998389 -0.3678394065
1.224898441 0.07146313326 -0.3484778938
1.252410963 0.02115334665 -0.3546286946
1.279675786 -0.03130774974 -0.3603272735
1.238220525 0.2156167469 -0.389311371
1.216104391 0.2644144149 -0.3861559105
1.186810425 0.3138760707 -0.3786633266
1.158256149 0.3635587449 -0.3718771769
1.134134655 0.4175018207 -0.3688713187
1.106635795 0.4698811052 -0.3635306273
1.247721559 0.1189139769 -0.3735772033
1.269713358 0.1668769892 -0.398757396
1.274898298 0.0698805057 -0.3800841807
1.302039276 0.01737574478 -0.385974408
1.329097927 -0.0351571717 -0.3919862208
1.28885211 0.2129098577 -0.4219902963
1.263528622 0.2617179737 -0.4163563755
1.236940685 0.3109997833 -0.4101232032
1.210254185 0.3615041769 -0.4042605534
1.18429315 0.4139105923 -0.39939861
1.156972124 0.4663532856 -0.3937758435
1.297175667 0.1185340435 -0.4058634461
1.318645347 0.162932825 -0.4305567439
1.324203796 0.06599002101 -0.4119241564
1.351145105 0.01341654643 -0.4181110827
1.378002495 -0.03918509776 -0.4244178895
1.339594274 0.2093021121 -0.455714612
1.314203334 0.2598182877 -0.4500085637
1.286534026 0.3077288786 -0.4422945423
1.261052939 0.357622704 -0.4366677528
1.233961452 0.4101455163 -0.430696281
1.206819452 0.4626509039 -0.4247991816
1.346175043 0.1145378233 -0.438161517
1.366920224 0.1595699156 -0.4631182632
1.373008139 0.06192742407 -0.4445063925
1.399754455 0.00928811123 -0.4509735188
1.426416807 -0.04337888972 -0.4575569859
1.388623197 0.20527123 -0.4892424081
1.363125455 0.2562062251 -0.4831678947
1.336101708 0.3053205588 -0.4757407199
1.310059173 0.3536281033 -0.4689616828
1.283152532 0.4062142157 -0.4627183133
1.25618902 0.458781039 -0.4565564989
1.394694359 0.1103786021 -0.4711563459
1.414928998 0.1558059591 -0.4964048892
1.421337813 0.05770482705 -0.4777689846
1.447895392 0.005002929672 -0.4844991418
1.474370121 -0.04772583007 -0.491340935
1.43712172 0.2021716241 -0.5236066791
1.41137112 0.2519004251 -0.5166801126
1.384510857 0.300995618 -0.5089533543
1.358607829 0.3494780521 -0.5019201133
1.331882264 0.4021250754 -0.4954183267
1.305096453 0.454752005 -0.4890007806
1.442760084 0.1060681029 -0.5047895982
1.462538604 0.1522446212 -0.530396472
1.469220775 0.0533342998 -0.5116529691
1.495597043 0.0005732993824 -0.518628847
1.521892803 -0.05221338628 -0.5257104743
1.48389549 0.198011599 -0.5573542779
1.458771008 0.2472784417 -0.5504186846
1.432473665 0.2961336375 -0.5426569567
1.406722097 0.3451829242 -0.5354910431
1.380171542 0.3978878486 -0.5287464321
1.353560057 0.4505727602 -0.5220849358
1.490400051 0.1016179977 -0.5390055175
1.509765783 0.147022216 -0.5645817119
1.516685838 0.04882768228 -0.5461026043
1.542889051 -0.00398882385 -0.5533071307
1.569016755 -0.05682905226 -0.5606085131
1.530051626 0.1919856482 -0.5909935178
1.504254934 0.2413852252 -0.5832405176
1.479601359 0.2915386695 -0.5766780971
1.454425288 0.3407527411 -0.5696261087
1.428043609 0.3935126526 -0.5626531624
1.401600939 0.4462528295 -0.555761511
1.537642706 0.09703968299 -0.5737514206
1.555130515 0.1433028067 -0.5985048152
1.563760489 0.04419592303 -0.58106769
1.589803905 -0.008671070479 -0.5884785305
1.615773951 -0.0615608086 -0.5959815616
1.573721441 0.1874448409 -0.623795797
1.550669213 0.2354216984 -0.6175047642
1.527190975 0.2861294447 -0.6116633085
1.50174265 0.336197744 -0.6042776457
1.475522466 0.3890094563 -0.5970914551
1.449242194 0.4418019989 -0.5899836619
1.582262785 0.0916485626 -0.6070467654
1.597273242 0.143361422 -0.6315245961
1.610705235 0.03866654428 -0.6164773075
1.636139841 -0.01531073995 -0.6234529338
1.662195724 -0.06639728231 -0.6317800936
1.60639666 0.1839483935 -0.648715057
1.593546019 0.2261889136 -0.6488870439
1.57451143 0.2786057885 -0.6466936516
1.548699057 0.3315276954 -0.6394014512
1.522632968 0.3843881282 -0.632016156
1.496507992 0.4372300312 -0.6247061891
1.634743882 0.09084540951 -0.6483971435
1.635942757 0.1552581203 -0.6652283968
1.657597435 0.03044087883 -0.6518777038
1.681816027 -0.02487881321 -0.657834287
1.708317264 -0.07132629842 -0.6679525017
1.63195055 0.2050431628 -0.6742882202
1.625525479 0.2665175597 -0.6842523711
1.595425685 0.3263517545 -0.6749375304
1.569401654 0.3796587146 -0.667382654
1.543423761 0.4325467372 -0.6598850163
1.68261087 0.06580543758 -0.6808339267
1.670732235 0.1758460343 -0.6983638348
1.675470305 0.1199221289 -0.6883920265
1.727332769 -0.03440308933 -0.6926727969
1.754174659 -0.07633580925 -0.7044485972
1.702910597 0.01145952616 -0.6839571309
1.719567565 0.05173586139 -0.707580538
1.765305408 -0.04276647677 -0.7220066043
1.799801627 -0.08141482012 -0.7412231948
1.668352155 0.228434843 -0.7094365514
1.672442208 0.2838764997 -0.7264801419
1.640462892 0.3268487953 -0.7111551863
1.614045595 0.3765175036 -0.7021069733
1.590014937 0.4277616171 -0.6954785377
1.714694705 0.09506135565 -0.7142960039
1.707591016 0.1973127196 -0.7337989043
1.710409241 0.1453484156 -0.7232278269
1.753259092 0.00568648591 -0.723996384
1.751210684 0.06384203847 -0.7367290592
1.796921278 -0.02705203594 -0.7523051483
1.825388313 -0.04796050865 -0.7710605063
1.845235199 -0.08655169027 -0.7782287517
1.706084354 0.2519887794 -0.7461331659
1.708869546 0.3064939124 -0.7619608266
1.675692687 0.3291865291 -0.7403496533
1.658645719 0.3715534634 -0.7369182851
1.636306202 0.4228835803 -0.7314482729
1.745192375 0.2203109423 -0.7706190782
1.749622515 0.115207959 -0.7481613752
1.747544828 0.167518013 -0.7594386831
1.794037213 0.02730978143 -0.7633910687
1.79113653 0.0816667153 -0.774496564
1.826930845 -0.003913001604 -0.7833309213
1.865160583 -0.03861009826 -0.8071297227
1.89047114 -0.09174721954 -0.8154679349
1.743376589 0.2744455199 -0.7825821711
1.74455534 0.328736512 -0.7970886323
1.705971651 0.365413067 -0.7741936322
1.682327435 0.4179228196 -0.7677511783
1.782412671 0.2447311246 -0.8078387091
1.785323844 0.1903772849 -0.7967207923
1.788233018 0.1360228406 -0.785605309
1.829864512 0.05047610937 -0.7993861948
1.829095406 0.1038863913 -0.8120786923
1.862995106 0.02050948091 -0.8200687547
1.895719382 -0.003289653213 -0.8421187986
1.912009935 -0.04676773899 -0.8452196285
1.935537262 -0.09699279836 -0.8529057699
1.77949886 0.2990841447 -0.8189598885
1.776579666 0.3534355024 -0.8300877293
1.745484969 0.3703138173 -0.8082307989
1.728105792 0.4128884122 -0.8043493647
1.811041769 0.2627736295 -0.8365090829
1.819793185 0.2062016281 -0.8297706145
1.827727251 0.1582965665 -0.8245185959
1.864819957 0.07278344958 -0.8347084659
1.865961569 0.127948933 -0.8495007728
1.899551596 0.03949018412 -0.85613162
1.930725026 -0.002338669804 -0.8725116884
1.955564819 -0.05020362535 -0.8819846661
1.980454514 -0.1022819775 -0.8905162824
1.819298378 0.3204599304 -0.8579490076
1.808010984 0.368602477 -0.8604397685
1.773658344 0.4077861508 -0.8412185116
1.847141569 0.2737410585 -0.8699484853
1.845419065 0.2364402479 -0.8591256371
1.866319229 0.191225569 -0.8656577547
1.90392616 0.1501358045 -0.8876585313
1.902624588 0.09491014843 -0.8726736205
1.945699885 0.05500340542 -0.8998668721
1.974144724 -0.002782177361 -0.9100529534
2.000150375 -0.05445550074 -0.9197188603
2.025240883 -0.1076092647 -0.9282774639
1.866258422 0.3046184177 -0.8940551769
1.843391138 0.3601800722 -0.8884400569
1.819023759 0.4026280637 -0.8783096352
1.886498526 0.2472184774 -0.8970198022
1.90744236 0.1945482072 -0.901840287
1.93989078 0.1708702007 -0.9239669933
1.941912499 0.1181460756 -0.9124618721
1.976706271 0.08980726125 -0.9355819828
1.994094817 0.04393625037 -0.9391984846
2.019691716 -0.008746788122 -0.9483205516
2.044877275 -0.05980007754 -0.9575484007
2.069916112 -0.1129687395 -0.9661657629
1.912367734 0.2908572684 -0.9302972429
1.887135197 0.3466919364 -0.9225653051
1.864217486 0.3974192148 -0.9156024024
1.938980819 0.230326944 -0.9381263609
1.971047594 0.1925797404 -0.9565201119
1.982414841 0.1422302986 -0.9537543099
2.014399083 0.09054855462 -0.9687067773
2.039531558 0.03773958769 -0.9774397266
2.064486466 -0.0119987318 -0.9868503184
2.089502032 -0.06517415388 -0.995494377
2.114497197 -0.1183553561 -1.004161158
1.956633199 0.2844756213 -0.9671037033
1.934432284 0.3390356547 -0.9615376136
1.909250299 0.3921631497 -0.953082482
1.982738695 0.2340062587 -0.9771550401
2.009542049 0.1837483217 -0.9879433862
2.029923513 0.1343990387 -0.9933750232
2.058784897 0.08482470776 -1.00625782
2.084069494 0.03579507087 -1.016182016
2.109064679 -0.01738624338 -1.02484934
2.134040797 -0.07057296282 -1.033537896
2.159000003 -0.1237644543 -1.042245205
2.0031752 0.2806625971 -1.006799599
1.979262568 0.3337206295 -0.9992509149
1.954143371 0.3868663234 -0.9907239034
2.027735291 0.2294835501 -1.015440461
2.052230951 0.1795406842 -1.024389419
2.07561188 0.130121187 -1.032529429
2.103112495 0.07942556049 -1.044034297
2.128605762 0.0303954771 -1.05422872
2.153565191 -0.02279605267 -1.062936264
2.178509064 -0.07599197638 -1.071661059
2.203439279 -0.1291917395 -1.080400944
2.049019766 0.27520435 -1.045710571
2.023978419 0.3283724867 -1.037095003
1.998913741 0.3815338996 -1.028505982
2.072606576 0.2247164608 -1.053766899
2.098202406 0.1761575631 -1.064127766
2.121792143 0.1250809842 -1.07211589
2.147197086 0.07475334553 -1.081939372
2.173072248 0.0249759002 -1.092354175
2.19800276 -0.02822386609 -1.101094138
2.2229209 -0.0814271147 -1.109847772
2.247828346 -0.1346333584 -1.118613184
2.093593422 0.2698153155 -1.083715877
2.068595683 0.3229959441 -1.075051109
2.043577699 0.3761707602 -1.066409277
2.117802672 0.2209385935 -1.092809454
2.142962924 0.1712478228 -1.102576402
2.16678499 0.1197967559 -1.110741163
2.191395613 0.06981129381 -1.120006712
2.21748284 0.01954036578 -1.130542503
2.242390594 -0.03366586476 -1.139307913
2.292178989 -0.1400859199 -1.156868576
2.267288817 -0.0868747694 -1.148083823
2.311623755 -0.0923317999 -1.186356857
2.336501467 -0.1455464832 -1.195155556
2.138091167 0.2644045385 -1.121806847
2.113129625 0.3175954972 -1.113101417
2.088151097 0.3707815942 -1.104415171
2.162305873 0.2154030756 -1.130939928
2.18745814 0.1657846392 -1.14078013
2.211641832 0.1155777228 -1.149634294
2.235573022 0.06519909988 -1.158241687
2.261849905 0.01409243776 -1.168779671
2.286740369 -0.03911869175 -1.177564375
2.331062121 -0.04457947141 -1.215852221
2.380804461 -0.1510125668 -1.233464373
2.355935197 -0.09779549355 -1.224656214
2.400015346 -0.1051072076 -1.262312736
2.425095065 -0.1564821475 -1.271787077
2.443759256 -0.1152470731 -1.298970552
2.46937886 -0.1619536358 -1.310117419
2.182527178 0.2589761389 -1.159967218
2.157594876 0.3121754154 -1.151229059
2.132648874 0.3653707797 -1.142506342
2.206739875 0.2094581376 -1.169020905
2.231511126 0.1601396507 -1.178645868
2.255245057 0.1104522103 -1.18727034
2.279741493 0.05904868842 -1.196158273
2.306184302 0.008635231915 -1.207053423
2.348363435 0.00251228739 -1.2432764
2.375582011 -0.05083345757 -1.25415685
2.420358522 -0.05968684734 -1.292058689
2.463921402 -0.07918415855 -1.326189551
2.487605883 -0.1252627147 -1.335761377
2.513659704 -0.1674259346 -1.348451074
2.52435509 -0.1339843989 -1.366516797
2.55793979 -0.1728984287 -1.386785577
2.226914156 0.2535337842 -1.198182542
2.20200493 0.3067396061 -1.189418628
2.177084966 0.359942367 -1.180666805
2.250723916 0.2039071345 -1.206889722
2.274099071 0.1533689406 -1.214993625
2.298597498 0.1035797414 -1.224305803
2.322470701 0.05453617142 -1.233258904
2.362419045 0.0539391796 -1.268897702
2.398303674 0.0009529293724 -1.287643233
2.44423924 -0.0246573841 -1.322348955
2.479869016 -0.03911688501 -1.350644218
2.512555514 -0.08546005356 -1.368224616
2.555011488 -0.1185502577 -1.397926592
2.271263517 0.248080754 -1.236439917
2.246371862 0.3012915462 -1.227656436
2.221472113 0.3545000343 -1.218882073
2.295463965 0.1976386167 -1.245320354
2.317861595 0.1466082969 -1.252449817
2.339891654 0.09832709521 -1.259954887
2.370957369 0.0943511986 -1.286787216
2.399245052 0.06528813381 -1.304784922
2.437219569 0.02949388442 -1.329770946
2.47505005 0.004223626119 -1.357300976
2.510433187 -0.02732697672 -1.381047654
2.552083136 -0.06420208538 -1.409067642
2.315585151 0.2426198774 -1.274728227
2.290706318 0.2958342866 -1.265930491
2.265821668 0.3490470415 -1.257139321
2.340272586 0.1893634735 -1.283353898
2.358568536 0.1367279956 -1.286417247
2.39526841 0.1150767588 -1.313831912
2.432509297 0.08542493528 -1.339715621
2.470783908 0.05451545861 -1.366214876
2.508773975 0.02401735594 -1.392566502
2.54915461 -0.009853954449 -1.420208857
2.35998825 0.2367516467 -1.313026356
2.33501751 0.2903704578 -1.304230462
2.310143555 0.3435862271 -1.295427398
2.388917998 0.1765718001 -1.323715789
2.430077746 0.1379975985 -1.35085355
2.467937047 0.1064704867 -1.376823654
2.506646037 0.07631192561 -1.403905986
2.546225974 0.04449414171 -1.431350169
2.403031728 0.2366583804 -1.351593528
2.377575251 0.2866099334 -1.341422073
2.354446186 0.3381199894 -1.333736892
2.433857193 0.1933468117 -1.36826563
2.466354555 0.1611234405 -1.389250454
2.504255834 0.1290930555 -1.415133847
2.543297174 0.09884217976 -1.442491651
2.43686417 0.2385844688 -1.382423567
2.420344923 0.2811057986 -1.378380219
2.398736565 0.3326503181 -1.372059989
2.468917037 0.2155624841 -1.405341224
2.502384033 0.1832105064 -1.427165509
2.540368248 0.1531901667 -1.453633281
2.46597682 0.2744683389 -1.41762779
2.443020236 0.3271787863 -1.410390519
2.503420734 0.2374593504 -1.441839567
2.537439271 0.2075381254 -1.464774992
2.504245341 0.2790055822 -1.453105297
2.487301044 0.3217064785 -1.448724215
2.534510211 0.2618860555 -1.475916825
2.531581105 0.3162339794 -1.487058735
