0	1	2
0	2	3
4	5	1
0	4	1
6	7	5
5	4	6
8	9	7
6	8	7
0	3	10
0	10	4
10	3	11
9	12	13
12	9	8
13	14	15
14	13	12
15	16	17
16	15	14
6	4	18
10	18	4
6	19	8
18	19	6
8	20	12
20	8	19
21	10	11
22	10	21
22	18	10
21	11	23
14	12	24
20	24	12
17	25	26
17	16	25
27	26	25
26	27	28
16	14	29
29	14	24
30	25	16
30	16	29
18	31	19
22	31	18
20	19	32
32	19	31
24	20	33
32	33	20
23	34	21
35	21	34
22	21	35
22	35	31
36	31	35
34	23	37
38	34	37
29	24	39
39	24	33
30	40	25
27	25	41
41	25	40
27	42	28
27	41	42
30	29	43
29	39	43
30	43	40
36	44	31
32	31	44
44	45	32
32	45	33
45	46	33
39	33	46
38	47	34
34	47	35
36	35	47
36	47	48
36	48	44
38	37	49
38	49	50
38	50	47
46	51	39
51	43	39
52	40	43
40	53	41
52	53	40
41	54	42
54	41	53
55	43	51
52	43	55
48	56	44
44	56	45
56	57	45
45	57	46
57	58	46
46	58	51
59	47	50
47	59	48
60	48	59
48	60	56
61	50	49
61	49	62
63	59	50
61	63	50
58	64	51
55	51	64
52	65	53
52	55	65
53	66	54
66	53	65
64	67	55
67	65	55
68	56	60
56	68	57
68	69	57
58	57	69
69	70	58
64	58	70
60	59	71
59	63	71
60	72	68
71	72	60
61	62	73
61	73	63
62	74	73
75	71	63
63	73	75
70	76	64
67	64	76
77	65	67
65	78	66
77	78	65
67	76	79
77	67	79
80	76	70
68	81	69
72	81	68
69	82	70
70	82	80
82	69	81
72	71	83
75	83	71
81	72	84
83	84	72
85	75	73
74	86	73
85	73	86
87	86	74
88	83	75
85	88	75
76	89	79
76	80	89
79	90	77
77	90	78
79	91	90
91	79	89
92	80	82
93	89	80
93	80	92
82	81	94
92	82	94
84	94	81
84	83	95
88	95	83
96	94	84
95	96	84
85	86	97
85	97	88
86	87	98
97	86	98
98	87	99
88	97	100
95	88	100
93	101	89
91	89	102
89	101	102
91	103	90
91	102	103
93	92	104
92	94	104
93	104	101
105	94	96
105	104	94
96	95	106
95	100	106
105	96	107
107	96	106
108	106	100
97	98	109
97	109	100
98	99	110
98	110	109
99	111	110
112	100	109
108	100	112
104	113	101
114	102	101
101	113	114
102	115	103
102	114	115
113	104	116
105	116	104
105	107	116
117	116	107
107	106	118
117	107	118
108	118	106
108	112	119
108	119	118
110	120	109
112	109	120
110	111	121
110	121	120
111	122	121
120	123	112
119	112	123
124	113	116
114	113	125
124	125	113
115	114	126
126	114	125
127	124	116
117	127	116
117	128	127
117	118	128
128	118	129
129	118	119
130	119	123
119	130	129
120	121	131
123	120	131
121	122	132
121	132	131
122	133	132
123	131	134
130	123	134
127	135	124
125	124	136
135	136	124
126	125	137
125	136	137
138	135	127
128	138	127
128	139	138
128	129	139
140	130	134
141	130	140
130	141	129
139	129	141
131	132	142
131	142	134
132	133	143
132	143	142
133	144	143
145	134	142
134	145	140
140	145	146
135	138	147
136	135	148
135	147	148
137	136	149
136	148	149
150	147	138
138	139	150
151	150	139
141	151	139
146	152	140
152	141	140
152	151	141
143	144	153
143	153	154
154	142	143
142	154	145
144	155	153
154	156	145
145	156	146
157	152	146
158	146	156
157	146	158
147	150	159
148	147	160
147	159	160
149	148	161
148	160	161
162	159	150
151	162	150
163	162	151
152	163	151
157	163	152
164	153	155
153	164	165
165	154	153
165	156	154
164	155	166
167	156	165
167	168	156
168	158	156
157	158	169
157	169	163
170	158	168
158	170	169
159	162	171
160	159	172
159	171	172
161	160	173
160	172	173
162	174	171
163	174	162
163	169	174
166	175	164
176	164	175
176	165	164
167	165	176
177	167	176
175	166	178
177	179	167
179	168	167
179	180	168
180	170	168
181	169	170
181	174	169
180	182	170
170	182	181
171	174	183
172	171	184
183	184	171
173	172	185
184	185	172
186	183	174
181	186	174
187	175	178
187	188	175
175	188	176
177	176	188
177	188	189
177	189	179
187	178	190
191	179	189
179	191	180
191	192	180
182	180	192
182	193	181
193	186	181
192	194	182
193	182	194
195	183	186
196	184	183
195	196	183
185	184	197
196	197	184
186	193	198
195	186	198
187	190	199
187	199	188
200	188	199
188	200	189
201	189	200
189	201	191
202	199	190
202	190	203
204	191	201
191	204	192
204	205	192
194	192	205
194	206	193
206	198	193
205	207	194
206	194	207
195	208	196
195	198	208
197	196	209
208	209	196
198	206	210
210	208	198
211	200	199
202	211	199
201	200	212
200	211	212
201	213	204
212	213	201
202	203	214
202	214	211
203	215	214
204	216	205
213	216	204
205	217	207
217	205	216
207	218	206
218	210	206
219	218	207
219	207	217
220	208	210
209	208	221
220	221	208
210	218	222
220	210	222
216	213	223
212	211	224
211	214	224
225	213	212
225	223	213
224	225	212
226	224	214
215	227	214
226	214	227
227	215	228
217	216	229
223	229	216
230	229	223
231	219	217
231	217	229
231	232	219
218	233	222
218	219	233
232	233	219
222	234	220
220	234	221
235	234	222
235	222	233
223	225	236
236	230	223
225	224	237
237	236	225
226	237	224
226	227	238
226	238	237
227	228	239
238	227	239
239	228	240
230	236	241
242	230	241
243	229	230
243	230	242
232	231	244
231	229	244
243	244	229
232	245	233
232	244	245
235	233	246
246	233	245
235	247	234
235	246	247
238	248	237
236	237	248
241	236	248
249	241	248
238	239	250
250	248	238
239	240	251
239	251	250
240	252	251
242	241	253
249	253	241
254	242	253
243	255	244
254	255	242
243	242	255
256	245	244
256	244	255
257	246	245
245	256	257
246	258	247
258	246	257
259	248	250
249	248	259
249	259	260
249	260	253
251	261	250
259	250	261
251	252	262
261	251	262
252	263	262
264	253	260
254	253	265
265	253	264
254	266	255
254	265	266
267	256	255
266	267	255
256	268	257
267	268	256
258	257	269
269	257	268
261	270	259
260	259	270
271	260	270
260	271	264
261	262	272
270	261	272
262	263	273
262	273	272
263	274	273
271	275	264
265	264	276
276	264	275
265	277	266
276	277	265
266	278	267
278	266	277
268	267	279
278	279	267
269	268	280
268	279	280
270	272	281
271	270	281
281	282	271
271	282	275
272	273	283
272	283	281
273	274	284
273	284	283
274	285	284
282	286	275
275	287	276
287	275	286
276	288	277
288	276	287
277	289	278
289	277	288
279	278	290
290	278	289
280	279	291
279	290	291
281	283	292
282	281	292
292	293	282
286	282	293
283	284	294
283	294	292
284	285	295
284	295	294
285	296	295
293	297	286
287	286	298
298	286	297
287	299	288
299	287	298
288	300	289
300	288	299
290	289	301
289	300	301
291	290	302
290	301	302
292	294	303
293	292	303
303	304	293
297	293	304
294	295	305
294	305	303
295	296	306
295	306	305
296	307	306
304	308	297
297	309	298
309	297	308
298	310	299
310	298	309
299	311	300
311	299	310
301	300	312
300	311	312
302	301	313
301	312	313
303	305	314
304	303	314
314	315	304
308	304	315
305	306	316
305	316	314
306	307	317
306	317	316
307	318	317
315	319	308
308	320	309
320	308	319
309	321	310
321	309	320
310	322	311
322	310	321
312	311	323
311	322	323
313	312	324
312	323	324
314	316	325
315	314	325
325	326	315
319	315	326
316	317	327
316	327	325
317	318	328
317	328	327
318	329	328
330	319	326
319	331	320
331	319	330
320	332	321
332	320	331
321	333	322
333	321	332
323	322	334
322	333	334
324	323	335
323	334	335
325	327	336
326	325	336
337	326	336
330	326	337
327	328	338
327	338	336
328	329	339
328	339	338
329	340	339
341	330	337
330	342	331
341	342	330
331	343	332
343	331	342
332	344	333
344	332	343
334	333	345
333	344	345
335	334	346
334	345	346
347	336	338
336	347	337
337	347	348
348	341	337
349	338	339
338	349	347
350	339	340
339	350	349
350	340	351
352	341	348
341	353	342
352	353	341
342	354	343
353	354	342
343	355	344
355	343	354
345	344	356
344	355	356
346	345	357
345	356	357
349	358	347
348	347	358
359	348	358
352	348	359
360	349	350
360	358	349
361	351	362
351	361	350
350	361	360
352	359	363
352	363	353
353	364	354
353	363	364
365	355	354
354	364	365
356	355	366
355	365	366
357	356	367
356	366	367
368	358	360
359	369	363
368	370	358
369	359	370
370	359	358
371	362	372
362	371	361
373	361	371
373	360	361
368	360	373
374	368	373
375	371	372
375	372	376
369	377	363
377	364	363
377	378	364
365	364	379
378	379	364
366	365	380
379	380	365
367	366	381
380	381	366
374	382	368
382	370	368
369	383	377
383	369	384
382	384	370
384	369	370
375	385	371
371	385	373
374	373	385
374	385	386
374	386	382
375	376	387
375	387	385
388	387	376
388	376	389
383	390	377
390	378	377
378	390	391
392	379	378
392	378	391
393	380	379
392	393	379
381	380	394
393	394	380
390	383	395
396	382	386
382	396	384
396	397	384
397	395	383
383	384	397
398	385	387
385	398	386
399	386	398
386	399	396
400	398	387
388	400	387
388	389	401
388	401	400
389	402	401
395	403	390
403	391	390
391	403	404
392	405	393
404	405	391
392	391	405
394	393	406
406	393	405
403	395	407
408	407	395
395	397	408
409	396	399
409	408	397
396	409	397
399	398	410
398	400	410
399	411	409
410	411	399
410	400	412
400	401	412
413	412	401
402	414	401
413	401	414
414	402	415
407	416	403
404	403	416
404	416	417
418	404	417
418	405	404
406	405	419
418	419	405
420	416	407
408	421	407
420	407	421
409	422	408
421	408	422
411	422	409
423	411	410
412	423	410
422	411	424
423	424	411
423	412	425
413	425	412
413	414	426
413	426	425
414	415	427
426	414	427
427	415	428
416	429	417
416	420	429
430	417	429
417	431	418
418	431	419
430	431	417
432	429	420
433	420	421
433	432	420
421	422	434
433	421	434
424	434	422
435	434	424
424	423	436
436	435	424
425	436	423
426	437	425
436	425	437
426	427	438
438	437	426
427	428	439
427	439	438
428	440	439
432	441	429
430	429	442
442	429	441
430	443	431
430	442	443
432	433	444
433	434	444
432	444	441
445	434	435
445	444	434
445	435	446
435	436	447
446	435	447
447	436	437
448	447	437
449	437	438
448	437	449
439	450	438
449	438	450
439	440	451
450	439	451
440	452	451
453	441	444
454	442	441
441	453	454
442	455	443
455	442	454
453	444	456
445	456	444
445	446	456
457	456	446
446	447	458
457	446	458
448	458	447
448	449	459
448	459	458
450	460	449
459	449	460
450	451	461
460	450	461
451	452	462
451	462	461
452	463	462
464	453	456
453	465	454
464	465	453
455	454	466
466	454	465
467	464	456
457	467	456
457	468	467
457	458	468
469	458	459
468	458	469
470	459	460
459	470	469
460	461	471
470	460	471
461	462	472
461	472	471
462	463	473
462	473	472
463	474	473
467	475	464
465	464	476
475	476	464
466	465	477
465	476	477
475	467	478
468	478	467
479	478	468
468	469	479
470	480	469
479	469	480
471	481	470
470	481	480
471	472	482
481	471	482
472	473	483
472	483	482
473	474	484
473	484	483
474	485	484
478	486	475
476	475	487
487	475	486
477	476	488
476	487	488
486	478	489
479	489	478
489	479	490
480	490	479
481	491	480
490	480	491
482	492	481
491	481	492
482	483	493
492	482	493
483	484	494
483	494	493
484	485	495
484	495	494
485	496	495
489	497	486
487	486	498
486	497	498
488	487	499
487	498	499
497	489	500
490	500	489
500	490	501
490	491	501
492	502	491
501	491	502
493	503	492
502	492	503
493	494	504
503	493	504
494	495	505
494	505	504
496	506	507
495	496	507
495	507	505
507	506	508
506	509	508
500	510	497
498	497	511
497	510	511
499	498	512
498	511	512
510	500	513
501	513	500
513	501	514
502	514	501
503	515	502
514	502	515
504	516	503
515	503	516
504	505	517
516	504	517
507	508	518
505	507	518
505	518	517
518	508	519
509	520	521
508	509	521
508	521	519
522	520	523
522	521	520
523	524	522
524	523	525
513	526	510
511	510	527
510	526	527
512	511	528
511	527	528
526	513	529
514	529	513
529	514	530
515	530	514
516	531	515
530	515	531
517	532	516
531	516	532
518	519	533
517	518	533
532	517	533
534	533	519
521	522	535
535	519	521
519	535	534
522	524	536
536	535	522
537	536	524
538	525	539
525	538	524
537	524	538
540	538	539
540	539	541
529	542	526
527	526	543
526	542	543
528	527	544
527	543	544
542	529	545
530	545	529
545	530	546
531	546	530
547	531	532
546	531	547
533	534	548
548	532	533
547	532	548
548	534	549
536	550	535
535	550	534
549	534	550
551	536	537
551	550	536
552	551	537
540	553	538
538	553	537
552	537	553
540	541	554
540	554	553
545	555	542
543	542	556
542	555	556
544	543	557
543	556	557
555	545	558
546	558	545
558	546	559
547	559	546
549	560	548
560	547	548
560	559	547
561	560	549
562	549	550
561	549	562
551	563	550
563	562	550
552	564	551
564	563	551
552	553	565
552	565	564
566	553	554
553	566	565
558	567	555
556	555	568
555	567	568
557	556	569
556	568	569
567	558	570
559	570	558
571	570	559
560	571	559
561	571	560
561	562	572
561	572	571
573	562	563
562	573	572
564	574	563
574	573	563
575	564	565
564	575	574
576	565	566
565	576	575
577	567	570
568	567	578
567	577	578
569	568	579
568	578	579
570	580	577
571	580	570
571	572	580
573	581	572
581	580	572
582	573	574
573	582	581
575	583	574
582	574	583
584	575	576
575	584	583
577	580	585
578	577	586
585	586	577
579	578	587
586	587	578
588	585	580
581	588	580
582	589	581
589	588	581
583	590	582
589	582	590
584	591	583
590	583	591
592	585	588
593	586	585
592	593	585
587	586	594
593	594	586
588	589	595
592	588	595
590	596	589
596	595	589
591	597	590
596	590	597
592	598	593
592	595	598
594	593	599
599	593	598
595	596	600
600	598	595
597	601	596
600	596	601
602	598	600
599	598	603
602	603	598
600	601	604
602	600	604
604	605	602
602	605	603
